864390780826812436
1122518542751899698
863047269287591937
958683211859361822
887337089891459103
1099280090396897391
998241784146710671
899414040839847956
1106821198240817193
1110165651508695050
931052731643346944
989088808597323808
1109679435361296506
841543553679360030
1106517818276597891
1096356714707701861
1088730731154522124
1060311819920613396
1042673422838284348
1100037671600009236
802953190156009492
975632248462266398
1005994858135158796
1058559168740606013
912633666654568498
1021438867783561326
900704070099161138
1194594891477561407
771796452796006460
973493616213360661
1103134009409671188
973524007431331860
936686143515283507
1071660550871842889
895618571168784434
1024563926899380244
1028199457235410964
1047338594945220698
1094559281258430464
950416773260402739
989171672559009802
881806853594566689
1060545881121751091
932898583211032588
1037224176836149250
950753727436967946
1091529636464308354
1015536373509390376
1218308295157092352
896390312405118997
758182775005380618
1071896720595759154
1071512082798891098
1106645818905202689
637916847735439362
759269252028694608
1087691535702827088
956112084893065217
1108077306464972911
1198098574869798972
989145135986147408
843092527279767582
1099822027940036748
1061333285403361471
833504344841256971
1190929465941966852
1000298697160146944
857521687246405644
739458825207283782
751821758545395803
897470034329358367
1046369470966407192
1064940772065022002
1012731487675764858
1016006001310306386
874229246090948619
1089504908715241472
831029110007529493
1010416118277611590
984429547313307678
1091844975119040513
943323108570456115
967169705943121961
1039404167762034698
1059340126808985630
988437714049302608
844571574492856351
976954348091342878
707889617357242369
1098231515474821211
1113120799302369320
1023836919051845642
1035155876140548098
736922872446189615
772815543602118698
1093808528352882708
1010166670821699584
1132241983671373854
898299130718322700
1078509391864660048
1094972493762134107
1101435806008213564
1017047528291704932
1077152866004901938
932681784288763994
1101474436386918401
1061497691646992404
969590573197578260
1092677892707721287
954350115030700053
1074967530470391879
1003164350510551130
889375857628549120
960797907899007006
1083813238623445092
584000298784391168
1144508010899705936
853251868528345108
1060218565128622221
1071407741068914798
1093086749938438165
1104063059833667644
823817160744501248
1031209991081840691
1088088275794808962
1018403419259674644
948214504670511144
1110784964104028281
883567860046258176
921655596191715359
1138145490853175396
1186900188888039425
1068843617797550091
913757766290665492
758950478829715516
837694975835373678
1115608304631152682
857546804001374208
1109108023420518440
696018775333404692
1093807373153468546
838590672516415498
949970222373277707
1052326852347318272
1102851391199920179
1094145119042670612
528775037407199244
921153100163731456
832908797353000981
885767530784886784
1173125095108136960
928336331174727771
1087301613988880384
1112266116086124615
1208434782313390180
556579249788813333
1002048972363419649
891774846843895848
881345997454843906
334039657388048384
858612913815027722
1107274883970383872
1088753141635354714
1003588948762837033
1150464538223841341
841887165368500244
908271658471673857
1089345813467111565
1024361305425068052
306535039255183360
953680760232112178
612548264398553129
1200088103268929568
986528791318888511
769835615231016980
975049700392718387
1103918116783804527
1081607740901826602
914217692901298176
894842318039957505
1052536015056805948
817896592509108234
865057743836020746
937229658766839868
1092993903885553745
1029040024697720893
767695765425487872
986538549337792552
958247042751299596
1059444883229782126
920178976176087132
776044424005287946
963016252887027752
1010202405339668561
1156101896944234518
1103303250909876355
779950775018586132
904312127215534131
871637635511246848
824488733616898088
1085151736404123698
791933836781944863
817987117509509120
1203393688777130005
1005390039934586920
1168926000596393984
1076435628096499802
1155390347673874503
1016044305699311737
969816039628087342
900668010468098078
740871752439037993
634257259798593539
1083503997345874030
985741890487988234
741683285507440661
1066577138519654500
1109006496366342185
764458462376624128
784041065711796266
827790696051376128
854579400824979488
977123357021573160
1099296174621593640
953577230229966869
1087388526468943872
1099572598691610697
1067532647930273933
968431373427830804
699560171134779452
1095013118654021712
863705722155958302
1099000706633039932
837217812766130216
1071948681286267000
834309458431574026
1213166834791096340
1085137908350074930
901883237796827176
848576445998694430
928457493301047396
887343608498364506
718418379714592778
1067871583294738534
1108657456172765255
1221757168752136243
1113694731550064752
1111322771230822451
1098826476666765382
710756384286703648
797465582106181633
892062013050740756
270904126974590976
955139418354774119
1111584452246777918
916601744572686366
1105474682209177650
751631654719848548
983344062587351071
729408153359220796
940115972742869012
991941927366828052
1081842428501303336
803857884190081025
1071712840731328553
1106860243402620990
788509797795364886
925670406004822026
758551402741235742
861623874701099009
1025394973660696616
991643881370296430
1032300215664914523
962237242796048395
801730655977209857
1074612937005735956
1177418690245963776
983644322912170034
1116745461735366746
755701629080043530
843913086695768064
782262620609839105
1103341112711716994
949343963096162385
1087665762472304710
1096752153063858218
1039219626749472838
953950393539371008
809331208814460928
1155718388073648128
759056853727707217
986274656464023553
979342654007574538
1039530886670057482
1083317372661805087
835531827052675130
1083362203459137577
1093492678341169174
747965622415261707
991241640989691934
1217808185298124894
730846134645424258
1183129280889237575
967276738717560832
996611872533000253
900350890857345064
1111940542390075472
1081811010844901397
1036203488318865418
1033027732222787725
1058419203511693443
1142406729091526737
1079584051373035580
965842304130760725
1068120069416161310
1088766368217825280
1043020447664590898
769093478943686667
1076749093688324166
1218308192799559703
1053527499449057292
960012295411474462
730638098144428182
1046638749641101312
1092186350729564231
1207047110185455676
1081407418971471874
871758947521011732
1018404973849096203
1016675239477923852
1060204543708778536
724311189479489566
769861711549169695
937608768630423594
1067298918880260126
869047204810219581
1094447629871620127
995365696919846932
1073555078331502653
1109833722930413679
1201994321235284018
746765475706568714
1079650868133109770
931395691090165770
853067360894189629
915873590828744724
1219073724515614852
1103753299787780167
748829615165931570
1089391219341283419
982536125690290176
1104033758010691584
1106964711808970752
803224771604119592
1121696158436315176
1086670336831016990
1036300790232518766
1030729707597070336
235148962103951360
734037126043140198
1105108469209636936
781914805078065222
1124822945513078875
1033453164986380338
867804560072638464
788042061089734666
993100005407735838
888666253848379402
1071860060516528249
941974004833595402
1040992864399798313
857100780943048704
1188214746256781385
1088842620106715216
1106165566185676840
1148251579204522004
883058148125061151
740409631049777236
978920432537309225
1065983879384666123
1093594081734688828
713834431021842534
947058274165985320
1001524322663419935
1092410554322268160
1122474870362611812
824515127872847872
1203724802284851221
1092289217503174698
994609839462432888
979575597569306635
1101109708741431296
1085394284645204109
940547683171577856
946434051919708161
1064102904505565265
920322044405633024
1200480800303493133
896220685431623701
1088749939779174511
985975770713317386
1142363132564615199
1087011259104374896
1081508213314302013
1083083897228771479
1081526205062328351
876800211350093895
966633920198217808
1210462259781050469
1002942759155539988
1008313007610282065
934333223276773427
1115673904472657970
1115612278016970823
992137616533246002
1035866903039717396
1230541093163106316
1105889583243214939
1088776372056494110
1027531902728552459
909491167303962685
872085422501683211
898214638070673459
1095997761087885383
1085795574680399914
1160953374074736710
1056801107558547476
1031106293244645396
997385264894844989
1102985531635269633
982822809891909677
1094445666182373397
1082683828532940810
1037054357264404530
991931461756276857
699840241241948181
953899359282548766
1066628940774522931
1093411256871956511
1065310054422696006
921913689102245899
925250500893495337
1014073696064901152
1024303380883050497
1089184696493166622
1099735838692220928
1062586217121726515
878840688031187035
1112743758748995726
1043115086472028212
827206687643140139
980749659595210793
1102853796280930304
982308468843249734
1162936239062794252
923437886693572618
1096844577543036979
1093853583528689714
1208516782248304712
557628352828014614
957256269423587339
1139926248181747782
1034069410090065991
737917738273603675
1093811820176875580
1111049310235275324
793037694644781058
1107126043506122893
941936320358543410
1109745395833241632
967456085608894525
772847074801877043
958634604804313150
781178344821096538
1093500149860421662
996457885565472838
1104999905803644949
952137139871711282
861451649474232321
1059319837177946143
1109790478796345354
746414352927686707
891190968588595200
859436600282841128
1187978601241522259
901022883709587476
1107562438309716038
817702366652006422
936473853117468723
1014863222827929650
760413436902506535
997445340452114492
1222150400657063990
706948736127074317
1101800739552104459
920963369840824380
859000935015514152
921576030152560680
1109380910379450398
922653227655254016
1110836967555477567
926582209270415381
1104196660684398633
853929243427471401
1091685730377535519
1124919932786839632
780779317629026304
1109812212702392431
972510863338655795
859299199220973568
528934698450288641
1226190350024966276
1107263475157319774
1098287897280512151
1094090074766979182
771296951936221184
793846288780099614
1082597860438200352
1202194087793397790
823165204459421718
1089598937134006373
1075541393973465119
1046091948613705840
978547826613157898
1069599961689358416
838276787179225109
1108694109079744566
1007972299179302952
1088013584757436497
658332768073416765
1191876797839716385
684039654659719170
1114589087668650177
1019632414265446493
1003962517594325054
769837260719390730
1013839504349597817
946333301407379466
830530156048285716
1086567184920227900
1081585670809735249
962022015252959342
1106285243729727549
823417152865566720
956057881046835250
993668462637498438
975273564846567454
736161216346587147
1113847964247527425
800653037218562130
1114069796963745842
1073987772882374747
1081450534843732028
1059829300997664829
1184822609964179529
1111558129352712233
872736206528598027
993576461837537280
1034866420003119145
787613041893310465
1062816114595348481
1106982808095838208
997808700884529212
902507639613816862
850744473918898216
1119497933470056450
900587909839745034
1024783074849984534
1168547232220446761
949475392979370095
897458058224083014
979206365526523935
846751579498741780
864716645637554206
1226820067270987827
1101002587521679400
1094587592416186368
1036821247947976736
329925368897208330
1076746800146423819
1027611936432603146
1104305451618811966
989205924336001024
920898495177719809
1088346047534862356
983790249790570566
968574595647029349
1112076829977743391
1000237227051331684
1096975311213703289
1099289829168140328
1100068158070587462
893779768787472385
1059774342948458566
1006934151116619796
907142012497698837
939085611439120435
972694227114946650
937631555055140864
1093523918779850802
839000617661759538
1102945634786480139
1105120994219274340
929877841624072272
987984929080094730
1107915567706406922
1111599816926048306
1082340448728776815
1096299054528475167
1228662480419684424
756857413411405935
732124061475405854
1069714204313010186
791155250241077248
1083784517208256512
1113105737909026940
1058021473454919720
1154047914662969395
882562511436656640
765974955346624562
774692566205333546
1023711219741380608
1069623887182176266
980693870629228584
855043780171923459
825417228903251978
1132965177843785730
989466545245794364
1073252691389722734
857285143918936076
1014391224335089755
1114490268968824954
1084361970590945280
929426459058135170
1040993791353565304
777861893250613269
1054334131036758016
1108762209854685346
980140168805744711
856792582839074816
973648642013528064
1074832139285188648
1095218608713498674
760063616715587615
918531262212362240
925234349421494282
1084136830661836841
971094592600559627
1060406501610627122
1190346353646243994
1001729988770398240
882516894748405771
977800419826868224
579229957193072652
760871486088675396
872712134193188895
917716974396665887
918251568132927548
756567909333074012
974038118816682014
957686074010918992
1068166022206595094
1181209236122898465
759757137982652460
1219623363761143899
953899835352809472
810867564133089320
955706547906965518
1191545389740982306
914722342284955659
631089850967392266
746263438766112790
932854401041846282
985890978898513920
1035954579122167828
805474429655318538
965926208401453147
1015568145261531177
850442954845454414
1082977950946820096
1057079861585379469
1067086432927236116
879306200074829835
904317141866647592
859338739180765184
1107615035003523094
1071329663726657619
1050998362758991912
773746512404021319
799165704733327380
954219694351581284
1096892714567602288
1069988063813574719
961181140570492989
966299117192106044
895227937517875251
766493151497158657
970769312627429416
876449424908369971
976040332582088724
774916361775742996
955115641902334052
1107664777657983138
1133780589451952229
1006827448270344242
958970505988280344
1067774655806582814
894533836535386142
1065647250983882804
1105503747645374494
756370160188784640
764033000777580555
979112513729863680
1112963134337073202
1138087466855845919
1049297595345928212
1218308240060841996
1094239907989426299
981945433146392597
761782286144110613
1057736346581602364
741110355266240576
1021352408896512010
967683711967571988
1012394075468607558
921468917187244042
737206389679718460
1109496499089461399
850925816464539688
967839009453772820
1115537488086315089
912234660233347123
1000650853801271356
792246891965972510
984021920964050957
1191857958351552534
890263102053040178
881527880612470804
854245835508416522
977852460813152306
1095629978617528360
1085991422261477398
1083757415780061274
1109777497677123705
971331024321662997
1068829585115975680
1074717732198678561
1084364192724824105
1020600377932005396
854574014692589570
914568055621836860
1017749543082786897
707901343737708625
830018119866646589
1095628273721024543
1035880466089267271
992247890586128427
1143585489346101329
1045011489104347287
812793186686599180
916661392512282675
937248865231450192
1123615714419417191
963831793180610621
1094646748561014945
1047105801535361086
976823142871883806
774675604795817994
695647824032956426
852665189559304272
670238359293001730
870258134864781312
1168862983640842250
1212048611936960573
1068127172012818533
1110639441996959796
759695552026902591
992977962083299348
1112266232540971050
948987166879531038
906109236889681961
1107960656885469235
902867986686283777
767598893893550100
985614427996950528
963071366305816596
1022010087679729784
969888440671944734
1023624565039058945
1008775780412698664
847449547704631306
1081239233123074119
1078356570884276414
780356677949980723
975311535389933608
1026713285644525639
1112694668338147338
912631673609408562
873531738863857694
1099860329791508505
975526124077600928
951705070867734598
1111539118216847381
1006274883510075423
1209907535994421258
777206373175394304
1114391693786087564
1068649165845975152
976212569087942656
1054323511763681290
1090867112953790474
1104923073519558686
1033005234827567154
989825841217286205
1021830219474145371
847831855109505044
1022013921781108756
951833307086213120
888690875134259201
1110437208323797012
880243059152007218
1096756293240369242
768799777131331604
1081081720331313213
605396490701111301
959124312558829640
988131250734776350
1105884116609683576
1015533433172271154
953620134256328765
759358136213176330
1054352981132320778
1027115932260253706
692349920107298867
1153617490769879100
1031627939172847667
1141319989559832686
773933404437348382
855113651630637057
799310619681620029
1138397676975706142
1097804120754237491
756121292729614436
1031143248145682452
1008309698891628644
943746734360768533
795702242412855368
986139318651322409
962106740588032000
1116010687852974241
778536918069280809
600008470816620580
952533826108813322
1139262479843741696
1107949035165323317
493716749342998541
990200370917703732
878932535202172969
1034314785585635418
1147527417028677724
1112316358231855238
958072360601272432
1094083546685128725
1106578509201145896
1021072296091336764
1184498592363335810
866884991413256202
860509431934091264
956434233788887112
1067947204825858171
740074579082346517
665410386110971904
1108027018186084352
928319537219239946
1123982606833287261
1123838771817877514
1053347988405235712
948107433975365653
1000491121060872192
792956451932602420
893745842559799337
980753355422974002
1082710227851423764
1042137149367128187
1096311446452838401
885417970787029002
964966100343345243
778549768522825749
733487769812336683
840895175031128084
1205471500170428466
946115704103501885
1063000753620389929
1112487540537176154
1113458114247794799
1109050136467886114
978609972126580766
912687836191416340
936164329659715616
1014585314150465636
1032313350287270049
1138302123910639706
1128291406050500718
1032185202379857991
1058310746066399262
935793896838029335
1086338581158711346
765973500488843264
1101910965500530718
1131575184973906073
964434849190543360
1069403629649416222
1114817404724318218
927956492357873705
991702721293992026
1104060472807915611
961657702730321960
970066437622341693
1027195676192428053
955819949551669308
1090115192295260170
1164743579764281414
1048634891807490128
768170117174919168
1103720606622560389
907528504453787698
816550950714081310
1103824236491067507
823200477490577459
1170081747019509831
856503059369426964
722681111632936990
1049748025217646604
1108418139353530418
834306428739125280
904409332182040606
842772338180882442
1091903943547834529
1041241766445191178
748550523564589146
1080845804933218324
719190341349146646
1103917856174915646
1061570723996516352
784724785745362955
1076473144036032652
1001759904320716821
1077209764825677837
1081455324390760448
986785438092099684
1035973372653346996
769501583838019614
887662202155307079
780441772584075295
940108323791982666
882881105966026762
785130436695162921
788971113681518612
1106563863316533319
969199353753395240
1006996271585833041
927917673344557108
1123247372256948367
837419182953070643
1071947184980902018
928859070415384596
948972977054154792
1066420901278666793
1176743543516188693
977560970798960720
1096379867613909052
963955360018878545
982973385392939009
1197463344534278186
867682603578425346
353922859296358401
374238536628699169
878553948221485116
996731465247227986
816310874603913268
1088783649924710510
1083340346827735101
976623894452654093
983857064222797875
1091115398004490321
968879691631042571
1103300063536627782
1108072646110879835
1109555604051210272
1063151954571821096
1079021428365590660
1087215581054390312
894081794763288586
966267449102196756
1084025116180094986
1043271543578447984
911043565877092422
1049749837341528121
1086235324641976393
802566487427514409
1102115111260393552
933237029288943646
619800241084039178
1049687434205597736
863202818785148988
1090279396981616720
919646030625136670
1107887231659679745
932561847436075009
797421958484066335
793752148345094154
849148415685427211
1110754635205054484
595883486586339328
839743573368766476
1030085610263818260
1066746759616937984
891539857472622592
987763025043914833
935326003889311804
1093934705872744488
1094634887924961401
771534323907166228
1218308341626044437
1078983119530627073
1013030797449642094
1017019997085765632
1034313867129528330
799552964645355530
796285893081563146
846023219156484107
919154190582972487
961193480426778624
1062972027352387584
1105519525216133221
794980789162606602
1210563167344918529
865540199231651870
771424908651134976
1191336478199005285
960537942978334801
1036286776047837214
1102206849761157180
709423842275098636
981088637108248576
1098554380673880084
1089391074042191903
1027025523999789086
1106829928059641929
790176399965028353
980439559013822504
872124703265918976
1015237763366400071
789533667478339624
886510589017485342
1099357221487378484
723043757062225920
863290931963625512
872885878664613908
1029496519189082163
1022325839897034803
743043782907396136
936474812665196624
781730133974581270
757095308814712962
1172101347286450260
1047780423310266419
877170418849554442
679957217004617729
1024352138551365743
864427924262354945
899947820755341322
849501575307067394
910119871394762792
1156679725129941032
980434513731649567
1010451270399692820
981488750569848832
1114779286189121586
1055718555666087976
929198439277932584
1106548400977092659
886698297652314142
906422339674189835
853694448746758185
880405219115139133
605777546415702035
615231911161233408
1068197402261069874
1013105901315563562
1106478280787361842
798457378243739658
864493827145728020
1074746938563514518
986040738976514048
989528081234538517
1113514536880849067
1018233971018051696
1077365979773943961
826182029849788456
900367349029429318
1099350781200707646
916362366692761630
859356362706386964
984580609458470962
954260869871718431
790446538521706496
965163243419103282
744401540906877008
888282390294851634
967440289126035587
1101551198944907365
1002992718429032509
882842723541991475
1011556325991383050
1091277300525445180
764109867858133002
1079302055572799559
897313999740370944
1105032202451947560
778144018357288970
909798528694489098
981102015042187305
894210057250668585
989826678635266159
1221204618193797224
933260324172361808
1050810991031636128
947451328425263124
1107558651759173724
1094894072180768789
957489232157478993
1099868510684991488
970376274545623040
1139946594721079376
746079274003595368
940689483026792540
1009052353481154640
974614754943463484
1023979283066146907
1104745257997979730
1097540811320733706
1104075451191799960
769381838749433859
1003201831909994526
980476733033680936
709395755428741120
1050110813467312240
1150665157475844167
1037226767624175677
1033024737154183259
1187723234104324187
918844816815706184
859356044210864148
1106888449291718666
1114596101555748874
738689930443751514
1178383934741020855
779653940718600194
774924918382526475
1102833801878589481
1090293178130759731
924913114267398164
773758493231808533
1074672396868534273
980468537023954984
963823862754205696
1033579598446854184
1090597791211978872
1144125895502729247
1137346244759527496
1056099706767409223
1184578730430054461
939520438114078750
726721169629380650
935428385453264926
1110217872287989872
1110203304413249628
1018402823915962368
707879443003080745
1071138299349041210
1108784624198496397
1114802977727856760
925008719014678570
1116403419037585499
1027142309638324255
814110103237427281
821745122676572200
1090318962845302804
1153249499284783145
1111492185670570034
1094665538023727124
1088137286136385596
986842274270937108
1033240170121674772
1107131843406467122
859328690919178271
975330764554117145
1020951354467946516
839838033187831838
1043004363704127519
819905725659873291
807672335821439017
1218308238278393999
990699170287472710
762196811305189399
850015142023266345
1089121252825894952
1068644364164812842
1100103967507239003
1083317093312761926
1113635088031305788
1104373451105509517
832142910873927701
770521380533305364
720983261605658715
1102572816194351175
816682676127268915
991205227371974677
953704152507232358
1107322796842950796
717710306956148772
1099207730461429770
1114477898225688656
1055837802950033499
1052252644057550908
1108158726881419338
873221048764596264
850251694087602187
1158403698947539099
1190539304284471298
966581621706862652
1014491823588253797
1095654690328428616
949665110857768980
982882783313657856
1214102868311937070
1078628189913493555
1109403453152821329
1090579090953736192
1154360057350340628
950386909698457650
1105704734221946960
866202105333284874
1066531928402055298
973248898665676872
832502276043178025
889832340543655956
1041619920439488552
1091015572608798841
873185451945652264
757245934173421630
965396438299324426
651095740390834176
951540319218982912
847369860148494358
1008005263984427038
1109014666421743676
773942843299069953
1018013905227882587
853240966436356116
908351436042154024
1107120911494168698
1106882576997683261
957173248884367360
1090263088059662416
976051954977484800
1001794403670687755
1089698214283853844
968502685726806097
1115569342696914995
1083372756848082954
1031767029830664232
692343745210876018
835074252981010472
1230813011455901818
1051384565786226718
1118072073080807456
862194644875214848
1022688961933619230
1231125034823581700
1074360865224142910
927762370133127178
841897936921427978
859373551513763840
798908617221996544
1093642571848360038
789450353073586177
1107188726930624534
1078940541313630292
1107336564561940510
1090514135218913411
763337886736842774
1156203270373642261
965175167456268308
980819380797583411
850380948402733066
1005169046024634409
945000554453692506
772418048597557248
879563217905524779
1102510938336264262
991353683164012544
965824111609806938
1094918349797986345
951109440608808961
1081388704951697533
923760404168073236
1128743430722441349
824993197083328572
1075423857042796674
729733036333334610
894790142391353445
749939115214241863
984489342158381126
845996213702754316
1118642602774900907
1106120162131857428
1064422098983997450
1203291140481089546
1172181816573173841
856871634173165618
1076890085410226269
1218184542494523594
1148643308697026661
1210894294089469984
1061243903778508853
1099088853010227270
1106843954055499846
720994952288534630
1174296016430846015
1098977938768138271
512559800236638208
885131105001439232
785370371397648384
1106405679704588400
850995127795187763
979422486309535785
1057254422134136842
718009644546523157
950735757146988544
1080903481919033436
760890085213208607
1082324977249943602
939445001094574081
1111916622815436840
1108693110378201089
1015153489577513053
1016679658856656956
1076460785766772796
1027621610317946941
832845050953465857
1178967283176067133
1013000104573145168
932920419957219339
995765432600502292
903995891814387713
1038032911376580609
1092984987093045248
1085959853253603328
943325182146269225
868836288642576394
1083364142435536916
929095101316206664
739328185996673164
1113737026123083847
574948909458128926
1107864542064693461
894476646831247380
962200353586176021
847269198379745310
1100760567595159613
961155125437693985
1067566911761694800
1071466354026234047
1004052752311267429
1102225524983607377
953306638067069028
854970377289203743
1018859885330452541
1162992787982135317
889713347010900038
1005119485193228369
1196635907688779936
1144983420133453915
1096475213950107772
862915562178347008
1068128171960062022
1209766711096516669
873953551532064829
1078235047859060746
1078913438274830396
1100093410523762720
1113124704589459526
1094689399503069264
1076680060607676456
1010443439978074122
1090834351845036032
986696895474843748
972842208967393310
1016036744757510285
1090206376946573382
944085860511547402
1088325090057404446
1003553125677928458
1061738735416389702
1102644278641041429
1010905186681761895
749517887282217019
1166342730868346891
973601984122867743
691167965755736136
1088486843500200058
992620855605596223
1100376090222010368
1177597887887192064
1214155532076843041
1072579055976722543
1080477003611897916
995347774868566090
1110442384006840411
1027858181315104778
976141519104913480
1088751224016359484
761668163652812902
738408541106339940
1097133445383196858
1086683805152198656
943357917502009355
1040189842740490280
717994952537407489
985873098207273021
1111254251310690314
1202261346968928268
908332957901656075
1006475301498388560
816630250829774876
1148311651536355399
1094932206046158912
1100842320636682310
1089016668774211706
1035462021367472198
1161903474770976849
1191596444159852600
810430440301264926
961561969427640320
1057331880179011674
1192764405964886026
1053964518180536410
1084468428401819679
569068170455810059
825613715411435530
968825353583857664
1082716435677192293
1077976677377908808
1113893929511821422
1228661245998272534
1106552838764642316
1128298809517162557
1071706275320180807
1110230365177659422
847668547533668362
988386706166276096
1091099310709542973
1068381765808439347
766293555953401876
1053032109184393287
1097735917327888385
1115882137107824680
760057907520995338
1220596387100491887
747674959454928907
833353888123715674
872369760795508806
907865713694359552
1189489733613666304
1023534762033434664
1073608105507696680
1115301112287866970
1068798289945821224
1100409475829084201
770527445647491094
1085926079929270343
999582480321491034
845898511240134677
972511213034553405
863640965742067742
1108068186009632818
972402650203176980
924699638597029928
1002543925585772604
1175449400575803422
976113555172634664
1145604457007153213
1083402003675365446
1083331249889890355
966958477220126761
1097097259495211119
997121201174487171
737915467641126932
1073615278354735175
1038708161844088883
1094521073632030743
1085092048459268157
900679571622473768
937589046501310494
647898808180670505
808389314567471104
1003611855547277352
1075877908758929510
1083052830853701682
1005499951201140777
1114251513032884224
1026732703007125544
618512791388684349
1003651404377903215
940672125067477002
808688160702726174
1038165513450295336
948139448091181106
852522313173565471
754415292037333095
1081144352908251156
1120003132555022466
1112328649803305101
1027455518106726460
977831672454217760
1117856026943819778
1110283471001231450
925699167614029835
1222172120075731029
794617194591027211
996066836988833792
918387650874974259
749600846475690036
1066582385099030568
1079510223330496562
963933517887193188
971378747225808916
1101466158395314269
1103661304985690113
1024915780510437426
1104032156612825308
831458984938569748
973116777712209931
869518832899870753
1109226527767412746
844873160255733790
765960927794561025
973352648126386186
1189485226309718089
1089930906552238110
1201207308542279741
1101537232529145886
904457460335640626
891744695368163328
943718286435155978
1107200477067747338
1091113704935923732
1219636851971723267
924417698501365820
1076002136917291029
726190673316806676
1017835770154864690
890972682999447643
1013771497157972008
1216566122883579925
1110939972799828110
1008677332686491678
1002387970231377940
982840491462754315
1083282837165322290
932199694950625360
1115291133187207300
900038805971681310
1104106980848709823
548113362995904522
824114148446044182
1065933096878342186
1032562279373361162
897411881155846204
982874157354188810
847299530160472094
978671632031830076
723461492200046691
860559394517418045
1086231893852291114
1052207953635192833
1099771746476900543
1191359686881054812
877620812440535040
1112033468264743012
1015177473253711893
742691690166616134
961266893291941888
1050417897287204927
726677865906569270
1067814245288390656
969217071856644160
1219185146796707870
980888748688564295
1140663405288624192
1094476117550825503
962263212135419955
760143101128867842
1067444878642003989
1040829161796817008
977853311086645248
707456570711081000
1032192945731928145
1087682457777750016
694577971754827926
996471684712374282
1002126470719750165
1030086993876615268
1076393701036789862
958723673232117822
971401306940006450
1093191742938947737
1081613514852008026
1104842446342467747
864461014077669376
1067377353786921032
914191312264232960
1116721846570725447
982691534296215623
693166232295178341
1027176710719934525
1065698388387057745
1083998643322892401
846327497112813578
821792111111700541
1175527533907820779
924066337632972882
862327666786041876
723922828268797953
798097249774731264
1114797484758270023
1156487456829480970
1083076360181919886
1080904975116423199
1198311519889399959
879373167884386304
918408086438428704
1039435308707627018
1092076846054654104
842382209146159115
1113405696122298433
1031489664965673051
996058206235271168
886926006567444501
1088839345781342348
1088299305187684453
1008241602243870782
1011315693960056918
760180066364686386
830537571305127946
1064102290853732372
1093524655798759504
1215404895428157534
1081089810992726036
1216246421813067792
1103956338477912065
1071490812048834680
1092490918772355134
817623837301932043
1074031589845110864
715621848489918495
1187773384348680287
1094967922167914598
926449024154873896
1107595647412097095
957206947797553242
861505170822266892
1078199442391441461
978580581849903134
909459300978683944
1063772489836146749
872507812859764806
794869309976739840
907276222747267142
1061252339853439018
841363794764234783
1089557203297505410
989213370001543228
1004720070016126976
1108772693739851856
1108586116992479332
1101199755532570624
984014833995362364
1100376681857953862
976027557642272788
726459754901143675
693434803378192434
1094549020766109808
1070995646045245501
1224265169559883797
1101147353689378939
1112721493512687697
1084706007005007892
1033579755083145227
1092482088915185755
927215879081566278
523136958315364352
1105823554076942336
1089018540100702238
976605897612755036
870286866069483520
790530091758387200
1218308470613213238
997807247591755780
1068562350262734989
1092982129207562300
1101892932832870401
1063951167945711718
1105886231725867111
727038193739759728
1059683892442968097
917063475472244747
947930198672826449
1020614861769691147
974211283207458827
856498521796247562
1218825034588622980
935756707261464616
1089141237191299072
842737418359668797
928956640273784852
1062438240931553434
1096660684223291392
1002205037625348176
1091587870071984178
1080686659416367215
1085105160545652766
1208870347709878273
1063468530147799040
1106856813044973608
1131440219057557556
1104780810248269964
934420598019481621
871625048753053766
1010413117513146458
943384804894842880
1101815687376285759
1187012263597592596
805329855201804319
1045526914275754054
1092446375909789819
1110564360641843342
990248831365021739
897352984416100382
967770764285706252
1020307450009751612
908317438142218320
1210916658928033862
1027195638531764245
1106842803746643968
1218499172593045606
1113033442595196968
1104641258753892494
998300953256153110
791490133890564107
1068066492949729292
896079606866661396
837541776679108659
1064510193561514045
734093118416224347
978663633947066368
1112398303418654912
1080043315900198974
783956904844984341
1090946680834244650
1116203012050927626
895558153909977110
1103684287502487645
1226909414234259611
1137697138575417428
896000284634001448
1231104500929003523
1114570141221523618
1109092020577910895
1074216993097531403
901730674459934771
986660663256567868
1167526927800750150
669150381141393414
1072565135765426176
1108426701530202182
1009402878609342554
955749880251441212
1174765609712635986
1080761137601204234
1218308077372313712
899148866883051540
1104288902883328050
1077214974990094466
1159852888261148783
965994279929528340
948075361562927174
913387521923244092
901474168921534514
946830675166777414
1010848409026035763
795561626334003231
890063479984226385
1088001852894875679
856784757945008128
931068387994525716
1097000996611293315
1069142882210029599
1043719786774929498
1027609555003260990
710419747337928805
1082259458509520977
1113119931404386414
1069633318485762199
1098596558183870565
1011587149298159686
1105769842755256340
1011944969793179649
808490927697559595
974309289860665414
1207220880476999681
995940036040196198
1118121768624857179
1007187936799895632
576241525990621194
1027544568230576238
959374172386119712
1192608725400289352
931611433303703592
1115191114627035178
903233450646073354
1137360291986952224
1029770782328492104
1098979244236877834
619249223589822467
1121263977226309703
535365172752023555
852772415896551454
1063352177692782632
706426769581932584
979722137952714762
1111996252196966491
1092496017095659530
747682004493140040
556736764493037572
714062067354566657
984294020626907147
955500735452303440
1081604482539999252
912994305512206356
976787658879688715
870240436743204927
1218239405089886438
934990395916566528
1093187654364958760
1156173756851568700
901847948835565578
969226106270019654
856533961958096929
917256725374058526
1060511102171099137
948780910533304440
784383705066110976
960386667565416480
1055021823294705754
998785666601189488
848494945760444418
883333509371015168
1204242877857665028
939473148859019315
709216589849034844
971707827808788500
1106568980241580052
1129783179063074896
1017857575166939217
1078426286826995884
907622895293972490
666248963040477186
1032757790659313704
737247817243951225
1063846439408648264
1090550810804490310
738039273508569110
881903008026333265
980400910683496498
1093957046451318824
1074694234482950204
892665188082389044
878986837065089064
1058050272536047677
974018751764787230
1164815701391966281
1094940415968424106
1104454392574398535
1114576364331335743
1108280540097957940
737634799912747038
940594774321274901
834761409274970133
1155490206913400963
912407432364453990
958300190027165726
982817796482273343
985247918107787324
1167445832484798516
789846441589473280
1114778196982898818
1112329570134270033
877525269546672188
1090249064194510928
765569492578598963
1068539476495843450
868776990432452629
1101165057825591356
898474211176243211
1107210597826830396
1076760974096355388
956531643429027892
809305952251674674
1069339566080806932
738250181493129268
941951533837344788
802043087064268840
847402801696079902
891909335280648262
990433335174103121
645189430088564746
1079796254667706500
1112825692225278063
995322504048558080
888981005866795038
1053616103554826250
1078960871713280010
1063434691920789595
1087371134909034577
1010949278073639034
766660326883590174
820931860556152893
1114880792913514506
1056939165180235787
952103274234920970
779692748546637855
1076063577875693599
1030574438036537464
838954427524055062
958752715759042610
1156233440555970610
1091613706389041203
1078272338698707034
1022186539599527966
1080895872721752185
895952313129254943
1067407118371655701
1112759392471875766
979370155920482435
933707188185235506
969295426857615411
1084864090498924584
981977352655503430
938619974270976070
773015258398064650
1039851317260189706
991655592101945374
937550044431777883
830478520701550633
1069648305623146496
1104326991089520741
1071270559314366514
779729995815583785
1175111968957411361
833583777069924353
795589917325131806
1112351340375572543
992825233704747079
1220979591833976875
767383584368623637
953994484864147526
1040986300611837992
1018404026351636530
1092782672524361869
783660118604382208
1053955196142759966
728302559042863215
839861099242192896
1140944814519623734
723063245132529707
1064816561971548230
986577735734419497
1022824557981225001
1005359768052957224
829362649741000705
1080464925178208256
1031559987404742727
1080892620181610541
871772212326191144
997333188751929404
958918217739403285
1060524887686533191
1038028893367570432
819953336669044797
1082476696336355348
1057669661094838352
1106508754276589650
964167011326369822
1098240357424189501
859727995752284170
855422219643650069
1074701986617892954
1205795523626537054
1095719788229165067
844869599073796107
1074363415591653387
767648852365934594
563193793696759809
738653415248363600
881562826647408660
1176903518204989507
955106950956351630
817306934713516082
926332681220935780
867370631884832768
1076792473935953980
1089291756979355778
920529372493004860
1022144670274433065
882858860266815498
902068222810001458
916843950344663041
827100320596492298
836017090858582046
1064119093470433301
726417887966920784
711440340661305345
986065367535353946
1099728032534638736
1162871696034906142
1024700080147669032
1123576319087738880
1112460618843295895
789035040361021461
1099276850238341193
1085172379149410324
976496717639852032
1141079290310566060
1105122518362234950
987415536306647090
643003196586852362
774013395698843680
1115266656621563925
1062335628999676025
1091953854628765746
480914716835971087
1065290629090922556
1084389919952207912
998300140915933234
766141852566028309
647180318637424653
842378584261525574
1002826731117359114
1103978119221760011
1073860590398869569
176753830380175361
964838651177607188
1020968379999342602
1091087226890362991
786840930279358495
975070586306969730
1211248178888712233
615100697704136716
975703044153028628
1200778104415727677
742365204645412945
929997239089233921
1012411264821108766
775371390442405930
785078255820472331
1086553330815340595
1148819611060555848
789197905742790737
1149757855340171304
946814277732405299
1083829795047088151
964469946035896381
983979179437617172
1202908055529070643
754614043062566943
865434817021083670
955706900954099741
1041329536354226267
953191566757994496
903707215846850571
780339413757853746
899899858981371935
1097538501681090631
1213845245129789480
953560669884678164
1165558144072679457
952532653964419163
1108786083040342046
974196385245192233
911879911885643776
1022337622795882676
1110052828375961671
864555373738328114
866279614840832030
1131961338495766661
1122502287621894194
551336567227285507
845520768947060737
1107251033983418428
1021328446791618561
1095182024559562773
877544449494884372
1097156197834047558
1083844333364584458
1035954639864082492
763101168158638181
1036242826050142228
1133823018385297519
1042436894597857311
719696723986874500
977936488492859453
898560172606234674
1094287276785287320
932579742396342313
881784304571658280
1109710828397142036
964476785377026048
1110143227924856873
962406450532065300
929276612384555048
855287894382346291
1149196118375276585
899904083471786004
1153479317519605791
1057707365585129595
752892740215504919
1112359585311887370
682270475098783812
1109373237021909022
1084021719938908191
1228248981633630239
1023160075591880764
1092982821657776228
977574763348263042
938806328187564082
1103616286367416391
1219122988948131882
1098203797286830121
974426731270242365
922748639862984704
856140985464520714
869903227934605372
1078937258914222100
1093450952482238506
1093579037538009149
1091080376388173915
1021797347497357353
831809098340630558
786424373652488202
978920823593250887
985185132245835906
1142257342524702810
852927975347585034
1143493910807724142
1085635906213523567
964502837511979028
993566043802980483
1078910927547678760
1086431314913280061
1045706080627478618
819113777790058496
905078246905880697
1028673733906419784
1106560818524475442
982291382641254452
822472975139209277
1097201889772306482
909049903949443122
508391840525975553
856826402723332107
1106562721467613386
859121633292582912
697355311119335434
1022089286906028082
762308869455478785
674923255114498079
981866776927297536
1112069817906765834
1066770155956338708
1224290103145267283
1112451361657847880
1103553662799847505
951416618934755339
778827383800332328
920215029356306503
1181210383118254112
1081822430202445844
1108029439851376661
1096814638626246791
1093113136162291794
1090853204494909440
851414337830256651
760083442255134742
952536702881263616
895228190765760552
1088597017195982918
1110559278319804416
1084208016733249536
804617935678865418
769495747921575956
993060077768552460
698062108012838973
875795926571184168
1115844269568172092
1062038477404905604
890818916811681842
1206494646159810590
1200412355020992577
1102164909753634888
993894406727942145
964622354871373845
1005466499881914420
942453429366824990
282859044593598464
986737907329007616
784111203680911420
1194145072950812683
894140534732513340
886682713426395156
1074538094923100160
1100234664469352518
931467678391091241
708268565328822306
1008021710563459132
834996464237281300
1210993586187796510
1093171150101696573
861627315745849376
1208161147778371705
1182578963785195520
982637731580633108
1070146860683108432
798549010407227403
839367813516099584
976210145979813968
1130551255681482843
866258614511206400
1069618763055517736
1055542382839464028
1123133554696663111
1138466656599953548
1051331989720006696
891926703952232449
781524998367346698
931203860217868388
1100058830898987008
987702416940073030
1022859615337205841
987988623003643916
1229145572800331922
1101539047014416434
1213500211654041722
709100306771738727
1024272297089052683
1025332665915822081
817204905056010241
1060864573118349343
968502134704341063
1087377468123512882
1108000823352496168
1094990405294108796
993398169704611903
613919136371834892
752156964389388288
1218530337886441496
1076490446118846554
929582599125483563
1080427835652591636
982305088976605234
1012266106645389312
599872589535641602
965782108880654337
944841392792948787
992462873957781534
1109481778604953722
854966028298616882
1172234444460007454
1139312295642665081
1140957792467964005
981927587515342918
726127358406557778
987960232728748032
976429721392906270
1096744220619964416
1113386307197095936
986113358891716608
1032109734087643167
938390688398200892
869055780576428103
873967218180898836
816934836412612639
1139565016069189764
831817209046761552
938336048197558272
1108315824403533894
1096804293169913946
985277604284207174
1177922869938880592
1160085726067703928
860822091178835998
1083795949811421376
801032369456283700
1214103116383785050
956807552530808893
904325987817381888
1109875202072006766
829346937626558474
1103490560758644836
1098145364256755832
892636010792513577
1068555544526336020
1076522076359380992
807602358326525952
1113049382141579315
667605487025651754
907964716155011103
769389943788666912
517357435510587397
928294159276732469
710043283379716116
777407871276810252
1061962761619374140
1110496305836462170
813422398480056330
774153507745300480
1088750071547437117
940254784294895637
1226257229406273606
968947596372607057
780688977291378688
977921756734050414
1079500837681897603
1045999859427192862
1037657942633238609
1080857790240796692
1112969771525341274
1108975939859255319
1107948161336627220
1109091077513805834
1185655786089742466
951043695615025173
1017359756719050843
977898923060494418
1020640197806915606
1055185379122229249
760402768908910603
739079824294805604
1032285847002812498
987083520931414046
1048148216190861353
978942110482960404
1049668549960028333
824119071556763668
887623096310308934
970648438117105714
1084451930174148659
1115320716376678520
907933253460193300
988709443866869770
1066275933213958205
1056605126351130744
1028562190216724490
1110768979473092659
926798175270998087
974273039137144862
1090179017379958847
848522408797274112
1126076148917489684
1058791993972625468
1053975080268468234
1068813991381581914
968787637102067762
1101784701393444864
845272898599387166
1103393591218417685
1001723638015328276
1046400328125399040
1113121303373828147
1043009815473045575
1091111331584802967
1063493039760355408
840526678573056000
1092045516147269642
1213170623614951474
974312555944239144
955369212120010752
1107971554891006002
1056174269891092552
1127497925895921704
1095000896028545195
1106511585964462140
1032168169068048424
562978162636750848
936485131965849620
1131523810231849040
1031086377586143252
1108742479261470811
774164600315707424
756079430832619531
1084104506431782932
1094456011802279936
416358583220043796
928187312955854868
950761376593346620
1099940544806928444
1080174668075499623
900968468134920192
830345811258114048
1035729450366664725
1044963659597742192
1028269230497484890
1035924817330847755
923928256665763851
963450497426157589
1026630779989655652
1177629126174183445
1002913871708831824
1018754943248777256
1034457384678076547
743734802787598409
1039492215698903130
1106913062784610304
1083422053853569205
957724186304987227
937342603249217536
959348933061128192
873934253468024852
1079248337749950575
949840760688226364
948412525303701535
1146722022211207223
864469827409674261
893805723165802546
1034891851200737291
753128745875013702
1094912319613571102
1113063215975366686
1058704479668682752
1084496046039760926
1123364494555484262
1047171571866927275
823431152601137182
867416479199920138
973390071489237063
1157305236810125362
1086666641972133949
977569990427426826
973483301530656798
1153560940164431903
1027250904434475090
1100663138422104096
1114577706936455188
1105475146485071872
939038438043304008
1218163766752051275
750698084769595433
1035898616612667432
408785106942164992
1037194213764370512
1222078793959870485
474165346035695627
958333656089382942
1111989413942140988
926719831863066724
1021815162736488478
1111998825809313843
1078868327134412800
1201852913350365216
861296067098443777
1075460242994909324
1104763522870681600
1094991541786910820
998147472947953664
946838508935454752
825617171589759006
789422235102085120
958201968466198558
840065805743947796
951139142014730300
