1144838776175202316
1148654388072677387
1102839214078431302
1146819571546861620
1132201180450263112
1046429123788148776
1148262487658090578
1148216497429299200
1124733204742553600
1043491836393697331
1066614362124582943
437808476106784770
1057169032027045989
1087263468220067840
1119671909886472243
904439215486562314
1086567184920227900
282286160494067712
1041281955104292884
1111346182606815373
1146841704251543643
1122459836257402890
460204325189320736
1150976067616641024
844794580456964147
767330656320749568
1138911005787836516
805384775715782676
1146517649694671030
1146740943018541137
1058744827635843122
1146317369275330631
1146283186406563920
1149012154813517854
1152260640405200957
1081332827125190797
1098848730301616189
1140937186892582942
1146280923193679903
1147020425407238145
1154338034423181383
1146292373811363902
1146284778245599274
1130371642342772847
1140911485762142208
935807795457040384
1151132785709432953
1133655577642409984
325203249135222785
1157070572644220991
1046847092523532298
796648641136820254
1006923900900364348
1043666135133995008
935442747979096075
949643711975919696
903117905980432425
1132195978859003975
814478589386948639
1130843786247938080
796245365325824040
1156549367252131845
1050840008556302397
898921259402948628
1147740312366747688
943846018796109854
1147773875246071808
786163436899401758
1147198821747671170
1116628685169119232
1147103835970609172
1069486701203968060
1157924301538873355
1148847285015412786
1142737406022393958
1083299967692709890
1150982438605033503
1082313506373775391
1146245907910774784
1117196773723750402
1147800153093312646
864716255033032715
1115552283569168394
1146293544793952299
1139079460403019827
720351927581278219
861953806215675934
825443180786745386
559426966151757824
1151200504869830776
1064244382775132240
1146518234699415702
757937806973599825
247283454440374274
899899858981371935
1049891569743966209
1150980078302408747
1076559645579149423
1147094710150778961
1149398380452249750
1043584362043674714
1133007920410415124
1014940575432196196
1146158744678436886
763287030549053471
1146800687313862716
1148915332174577694
1150816512370802768
1053379714116505702
1134741221508644975
1099970089316515880
1155534179711336449
1112699149104717834
416358583220043796
1148237898500538458
1036485292439384095
1150449928632553472
408785106942164992
993837332463636581
1148277917781074032
1124308790704095243
